tooltext=1
showhidden=0
fontsize=2
automount=1
fadeframes=8
fontfamily=Roboto
iconset=Generic
language=English
theme=ICS
calibration=48555.000000;1035.000000;-386722.500000;367.000000;48260.500000;-139076.500000;47288.500000;0